005935
005930
000660
005380
005385
005389
005387
402340
373220
034020
012450
329180
207940
009150
009155
000270
105560
006405
006400
028260
02826K
055550
267260
032830
068270
010120
042660
012330
298040
042700
005490
086790
009540
010130
035420
00680K
006800
006805
051915
051910
064350
015760
010140
000150
000157
000155
096775
096770
316140
066570
066575
03473K
034730
003670
267250
272210
035720
086520
079550
247540
017670
196170
011200
000720
000725
000810
000815
138040
024110
033780
086280
047810
278470
010950
010955
047050
003555
003550
030200
047040
071055
071050
011070
0126Z0
277810
018260
005945
005940
307950
006260
443060
259960
323410
352820
007660
001440
028050
039490
003230
000250
016360
005830
003495
003490
058470
267270
009830
009835
000880
950160
090435
090430
062040
028300
326030
078930
078935
298380
066970
377300
18064K
180640
082740
161390
052690
454910
00104K
001045
001040
241560
000100
000105
010060
141080
032640
064400
000990
034220
087010
021240
011790
103590
128940
138930
240810
029780
271560
450080
039030
036930
353200
35320K
004020
088980
022100
036570
310210
214370
175330
095340
011170
108490
489790
018880
403870
33626K
336260
33626L
002380
000500
37550L
37550K
375500
440110
051905
051900
251270
023530
004800
097955
097950
032820
088350
214150
263750
457190
071970
017800
178320
111770
357780
226950
020150
004170
439260
035250
319400
302440
012510
036460
011785
011780
031210
214450
347850
222800
006360
064760
237690
014680
139130
0009K0
112610
083650
028670
012750
005290
120110
120115
043260
084370
139480
058610
483650
051600
005850
100790
145020
103140
001430
257720
031980
204320
140410
098460
229640
067310
026960
097230
018670
322000
319660
082920
008930
279570
131970
383220
017960
030530
068760
007340
077970
008775
008770
476830
323280
009970
009420
218410
192820
078600
069960
000240
010170
00781K
007815
007810
282330
001450
298020
041510
011210
004370
003690
002795
002790
00499K
004990
361610
081660
161890
005440
101490
035900
085620
003547
003540
003545
395400
417200
089030
030000
347700
000120
140860
039200
475150
007070
005070
060370
023590
001120
475830
462870
131290
099320
038500
458870
027360
491000
004000
080220
445680
232140
069620
006040
437730
073240
032350
003535
003530
085660
065350
290650
006280
001800
000215
000210
328130
030610
100090
001720
281740
090710
003570
195940
294870
166090
020560
095610
490470
052020
036830
183300
093370
456160
127120
115180
012630
397030
034230
189300
007310
195870
036540
388210
456040
222080
420770
137400
082640
048410
300720
330590
181710
003380
466100
124500
032500
213420
388720
415640
007390
014620
126340
089860
160190
089970
281820
006340
006345
298050
376900
000670
192080
005300
005305
000080
000087
023160
096530
033100
185750
075580
001740
009450
035760
161580
006650
033790
