7203
8306
9984
9983
6501
8035
8316
285A
6857
6758
6861
8058
8411
8031
8001
7011
4063
4519
8766
9432
6503
9434
2914
5803
6098
8002
9433
7182
6981
7741
7974
4502
8053
6146
6752
5802
8015
6367
6201
6954
4578
6301
8725
6723
6701
8591
6702
6762
8630
8802
8750
6902
6178
3382
1605
7267
4568
6273
8801
2802
8308
5016
8830
8267
9020
5108
4503
7751
6920
6971
4062
8309
4661
5020
8604
4901
9022
7269
7013
1925
5401
7936
1812
6326
4543
5801
4689
7532
4507
6594
1801
4452
7012
5713
9766
9503
6383
4004
9735
1802
6361
4091
4307
2502
5706
7832
4612
9101
9532
9531
1928
9104
8473
3407
2503
8593
3659
9502
4684
1803
7453
8601
7735
6988
8697
6504
7259
7733
7186
7270
7181
5019
8113
4755
8421
9435
3402
1944
8795
5334
6586
9107
6525
8303
5831
8331
7202
6506
7309
5333
9697
6963
2801
2587
7911
6841
1942
7550
3003
4523
9843
9021
5844
7912
9202
4911
6479
4151
8354
7201
1878
9602
4188
2768
5201
6305
8951
8136
7167
4186
9201
6645
4716
5838
2875
4528
4768
2702
7701
8439
3563
9042
3288
3099
7272
5411
3110
5332
2269
2413
9005
9147
9412
9024
9501
5101
3289
8359
8729
4204
1773
3088
3391
9143
9962
3231
5830
3092
6856
4021
2267
6370
9401
3064
9023
9684
3436
6269
5344
8952
7747
1911
4182
4005
8953
2897
6869
8334
3861
9508
6113
8060
6532
4732
4042
4506
8572
6976
4324
6787
4403
3626
5406
6448
6845
9404
6465
3283
3462
5929
4183
7752
8804
1808
8227
5444
8377
6368
7729
7276
6806
9513
4704
2501
3197
5631
8341
6724
8253
5711
2670
2212
1721
9041
8972
1959
5021
2327
6323
3281
6481
6302
4385
7261
4751
6674
6965
3038
6471
1969
9072
2282
3291
268A
2331
9064
6473
3769
6268
5393
7649
3086
7564
5105
6134
2809
1951
9007
1662
9009
4676
8984
5214
1963
5714
7003
7731
8960
7337
9001
9142
5991
4626
7180
2002
8233
4527
2579
8954
4816
8252
7327
9506
7282
5110
4536
2181
7189
5076
5832
8418
8012
6754
7459
5741
3635
2371
3405
5947
1893
9301
6324
3774
9468
9364
7951
3349
6728
6871
8050
2871
5938
141A
8963
6460
9706
5901
3132
3269
8985
8368
4733
5805
9533
2784
4203
9831
8088
7211
4530
9989
7762
8358
8366
9008
4967
7240
4088
1860
7164
6141
4980
4812
9006
7988
3350
4912
9605
429A
2264
6507
6407
5233
8955
8425
4401
1980
9065
8056
6770
3116
4613
8424
6592
6508
2433
2229
485A
6890
6753
5471
4681
1332
9336
7419
1961
2206
3249
7380
3309
6005
8524
7389
8020
417A
4061
4205
3471
3549
9076
7173
6622
6952
3397
4966
5463
8304
9048
7984
6526
6740
8078
1719
4631
2531
7966
8570
4368
6432
6454
1417
9409
3226
3279
9045
6777
